8.888888888888888395e-01
8.750000000000000000e-01
9.117647058823529216e-01
8.253968253968253510e-01
8.000000000000000444e-01
8.412698412698412787e-01
6.875000000000000000e-01
8.524590163934426812e-01
8.360655737704918433e-01
9.113924050632911111e-01
6.296296296296296502e-01
7.647058823529411242e-01
7.457627118644067910e-01
7.241379310344827624e-01
8.000000000000000444e-01
8.142857142857142794e-01
8.571428571428572063e-01
7.868852459016393297e-01
8.709677419354838745e-01
8.214285714285713969e-01
7.966101694915254106e-01
8.208955223880597396e-01
7.346938775510203357e-01
8.208955223880597396e-01
7.500000000000000000e-01
6.530612244897959773e-01
8.148148148148148806e-01
7.719298245614034659e-01
7.719298245614034659e-01
6.170212765957446832e-01
6.851851851851851194e-01
8.888888888888888395e-01
7.457627118644067910e-01
8.593750000000000000e-01
7.727272727272727071e-01
7.884615384615384359e-01
7.777777777777777901e-01
8.437500000000000000e-01
5.116279069767442067e-01
7.868852459016393297e-01
7.894736842105263275e-01
8.507462686567164312e-01
8.035714285714286031e-01
8.550724637681159646e-01
7.288135593220339548e-01
8.196721311475410054e-01
7.936507936507937178e-01
8.000000000000000444e-01
9.102564102564102422e-01
8.656716417910448325e-01
8.000000000000000444e-01
8.363636363636364202e-01
6.610169491525423879e-01
7.708333333333333703e-01
8.196721311475410054e-01
8.636363636363636465e-01
8.688524590163934080e-01
6.923076923076922906e-01
8.153846153846153744e-01
8.709677419354838745e-01
9.104477611940298143e-01
7.894736842105263275e-01
8.333333333333333703e-01
8.125000000000000000e-01
7.399999999999999911e-01
6.346153846153845812e-01
6.739130434782608647e-01
8.125000000000000000e-01
7.678571428571427937e-01
5.142857142857142350e-01
9.078947368421053099e-01
6.904761904761904656e-01
7.735849056603774088e-01
8.307692307692307043e-01
8.970588235294117974e-01
8.358208955223880299e-01
8.481012658227847778e-01
7.454545454545454808e-01
7.450980392156862919e-01
7.761194029850746468e-01
7.647058823529411242e-01
7.547169811320755262e-01
7.903225806451612545e-01
6.428571428571427937e-01
7.636363636363636687e-01
8.955223880597015240e-01
8.593750000000000000e-01
6.904761904761904656e-01
8.275862068965517127e-01
7.910447761194030480e-01
8.923076923076922462e-01
9.277108433734939652e-01
8.181818181818181213e-01
8.088235294117647189e-01
8.767123287671232390e-01
9.090909090909090606e-01
7.068965517241379004e-01
8.709677419354838745e-01
8.550724637681159646e-01
8.805970149253731227e-01
6.521739130434782705e-01
7.142857142857143016e-01
7.966101694915254106e-01
8.360655737704918433e-01
7.777777777777777901e-01
7.460317460317460458e-01
7.543859649122807154e-01
8.358208955223880299e-01
8.405797101449274944e-01
7.884615384615384359e-01
8.382352941176470784e-01
6.603773584905661131e-01
7.796610169491525744e-01
7.321428571428572063e-01
8.888888888888888395e-01
7.777777777777777901e-01
8.405797101449274944e-01
8.358208955223880299e-01
8.235294117647058432e-01
8.392857142857143016e-01
9.240506329113924444e-01
8.275862068965517127e-01
8.666666666666666963e-01
9.206349206349206948e-01
7.555555555555555358e-01
8.630136986301369939e-01
8.783783783783783994e-01
7.666666666666666075e-01
8.032786885245901676e-01
8.281250000000000000e-01
8.970588235294117974e-01
5.555555555555555802e-01
7.358490566037736436e-01
8.245614035087719396e-01
7.941176470588235947e-01
7.659574468085106336e-01
8.181818181818181213e-01
8.461538461538461453e-01
8.000000000000000444e-01
8.533333333333332771e-01
7.936507936507937178e-01
9.117647058823529216e-01
6.851851851851851194e-01
7.903225806451612545e-01
8.243243243243243423e-01
8.000000000000000444e-01
6.603773584905661131e-01
7.169811320754717610e-01
6.862745098039215730e-01
8.450704225352112520e-01
7.586206896551723755e-01
8.730158730158730229e-01
7.555555555555555358e-01
7.368421052631579649e-01
8.795180722891566827e-01
8.484848484848485084e-01
9.375000000000000000e-01
5.945945945945945166e-01
7.454545454545454808e-01
9.210526315789473450e-01
8.030303030303029832e-01
8.166666666666666519e-01
7.241379310344827624e-01
8.333333333333333703e-01
8.125000000000000000e-01
8.000000000000000444e-01
8.596491228070175517e-01
8.225806451612902581e-01
7.166666666666666741e-01
8.615384615384615863e-01
8.831168831168830780e-01
6.595744680851063357e-01
8.125000000000000000e-01
7.868852459016393297e-01
7.272727272727272929e-01
7.719298245614034659e-01
8.448275862068965747e-01
8.437500000000000000e-01
7.500000000000000000e-01
8.840579710144927938e-01
8.181818181818181213e-01
8.125000000000000000e-01
8.125000000000000000e-01
5.999999999999999778e-01
7.058823529411764053e-01
8.225806451612902581e-01
8.421052631578946901e-01
9.137931034482758008e-01
8.181818181818181213e-01
7.796610169491525744e-01
7.241379310344827624e-01
8.333333333333333703e-01
7.727272727272727071e-01
7.924528301886792914e-01
8.636363636363636465e-01
8.088235294117647189e-01
8.095238095238095344e-01
8.181818181818181213e-01
8.493150684931507488e-01
8.653846153846154188e-01
8.815789473684210176e-01
8.196721311475410054e-01
7.758620689655172376e-01
7.659574468085106336e-01
8.181818181818181213e-01
8.387096774193548709e-01
8.734177215189873333e-01
8.939393939393939226e-01
8.266666666666666607e-01
8.947368421052631637e-01
8.684210526315789824e-01
8.593750000000000000e-01
8.653846153846154188e-01
6.851851851851851194e-01
7.213114754098360892e-01
8.358208955223880299e-01
8.552631578947368363e-01
8.148148148148148806e-01
7.457627118644067910e-01
8.904109589041095951e-01
6.721311475409836866e-01
7.454545454545454808e-01
8.039215686274510109e-01
7.446808510638298628e-01
8.387096774193548709e-01
9.054054054054053724e-01
8.135593220338983578e-01
7.619047619047618625e-01
8.000000000000000444e-01
8.125000000000000000e-01
7.704918032786884918e-01
9.178082191780821963e-01
7.543859649122807154e-01
8.028169014084507449e-01
8.392857142857143016e-01
7.142857142857143016e-01
8.507462686567164312e-01
7.636363636363636687e-01
7.777777777777777901e-01
6.666666666666667407e-01
8.970588235294117974e-01
8.387096774193548709e-01
8.428571428571428603e-01
7.878787878787878451e-01
7.777777777777777901e-01
8.260869565217391353e-01
8.627450980392157298e-01
7.199999999999999734e-01
6.730769230769231282e-01
8.405797101449274944e-01
7.377049180327868161e-01
8.448275862068965747e-01
6.666666666666667407e-01
7.894736842105263275e-01
7.321428571428572063e-01
7.758620689655172376e-01
8.421052631578946901e-01
7.678571428571427937e-01
8.260869565217391353e-01
6.888888888888888840e-01
6.923076923076922906e-01
7.500000000000000000e-01
8.656716417910448325e-01
8.088235294117647189e-01
8.507462686567164312e-01
6.862745098039215730e-01
8.358208955223880299e-01
8.064516129032257563e-01
8.281250000000000000e-01
6.603773584905661131e-01
8.163265306122449161e-01
8.437500000000000000e-01
7.719298245614034659e-01
7.540983606557376540e-01
7.368421052631579649e-01
6.862745098039215730e-01
9.324324324324324564e-01
8.392857142857143016e-01
8.235294117647058432e-01
7.037037037037037202e-01
8.333333333333333703e-01
8.571428571428572063e-01
8.888888888888888395e-01
7.166666666666666741e-01
8.767123287671232390e-01
8.214285714285713969e-01
8.030303030303029832e-01
8.181818181818181213e-01
8.750000000000000000e-01
8.382352941176470784e-01
7.457627118644067910e-01
8.064516129032257563e-01
8.767123287671232390e-01
8.421052631578946901e-01
9.047619047619047672e-01
7.777777777777777901e-01
7.021276595744680993e-01
5.862068965517241992e-01
6.666666666666667407e-01
7.968750000000000000e-01
8.125000000000000000e-01
6.885245901639344135e-01
8.767123287671232390e-01
7.758620689655172376e-01
7.936507936507937178e-01
7.118644067796610075e-01
8.253968253968253510e-01
7.454545454545454808e-01
8.225806451612902581e-01
7.941176470588235947e-01
8.846153846153845812e-01
8.135593220338983578e-01
8.840579710144927938e-01
7.346938775510203357e-01
9.148936170212765839e-01
8.000000000000000444e-01
9.230769230769231282e-01
7.916666666666666297e-01
8.695652173913043237e-01
7.931034482758620996e-01
8.472222222222222099e-01
7.966101694915254106e-01
7.857142857142856984e-01
6.792452830188679958e-01
8.133333333333333526e-01
7.291666666666667407e-01
8.125000000000000000e-01
7.413793103448276245e-01
7.843137254901960675e-01
7.380952380952381375e-01
8.857142857142856762e-01
8.513513513513513153e-01
7.818181818181818565e-01
7.833333333333333259e-01
7.666666666666666075e-01
7.241379310344827624e-01
8.533333333333332771e-01
8.870967741935483764e-01
8.275862068965517127e-01
8.701298701298700866e-01
7.457627118644067910e-01
8.253968253968253510e-01
8.846153846153845812e-01
8.636363636363636465e-01
6.326530612244898322e-01
5.405405405405405705e-01
8.382352941176470784e-01
8.412698412698412787e-01
8.800000000000000044e-01
8.333333333333333703e-01
8.571428571428572063e-01
8.571428571428572063e-01
7.719298245614034659e-01
8.200000000000000622e-01
8.181818181818181213e-01
7.192982456140351033e-01
8.529411764705882026e-01
7.419354838709677491e-01
7.580645161290322509e-01
7.868852459016393297e-01
7.857142857142856984e-01
9.102564102564102422e-01
8.472222222222222099e-01
8.245614035087719396e-01
6.799999999999999378e-01
8.620689655172413257e-01
6.545454545454545414e-01
8.142857142857142794e-01
7.419354838709677491e-01
8.253968253968253510e-01
8.356164383561643927e-01
8.648648648648649129e-01
7.301587301587302292e-01
9.076923076923076872e-01
7.543859649122807154e-01
9.176470588235293713e-01
8.281250000000000000e-01
8.596491228070175517e-01
8.405797101449274944e-01
8.805970149253731227e-01
8.507462686567164312e-01
7.796610169491525744e-01
7.735849056603774088e-01
7.368421052631579649e-01
7.592592592592593004e-01
8.030303030303029832e-01
8.750000000000000000e-01
8.064516129032257563e-01
9.117647058823529216e-01
8.000000000000000444e-01
8.714285714285714413e-01
8.253968253968253510e-01
8.630136986301369939e-01
8.169014084507042472e-01
8.695652173913043237e-01
8.703703703703703498e-01
8.448275862068965747e-01
5.675675675675675436e-01
7.222222222222222099e-01
8.064516129032257563e-01
7.966101694915254106e-01
8.000000000000000444e-01
8.767123287671232390e-01
8.148148148148148806e-01
8.813559322033898136e-01
9.189189189189188589e-01
8.208955223880597396e-01
7.796610169491525744e-01
8.461538461538461453e-01
5.957446808510638014e-01
8.571428571428572063e-01
8.904109589041095951e-01
7.878787878787878451e-01
8.499999999999999778e-01
6.410256410256409687e-01
8.906250000000000000e-01
8.000000000000000444e-01
7.916666666666666297e-01
9.130434782608696231e-01
9.230769230769231282e-01
8.524590163934426812e-01
7.903225806451612545e-01
8.727272727272727959e-01
8.545454545454544970e-01
7.313432835820895539e-01
7.500000000000000000e-01
8.163265306122449161e-01
5.609756097560976151e-01
8.428571428571428603e-01
8.269230769230768718e-01
7.575757575757575690e-01
8.307692307692307043e-01
8.169014084507042472e-01
7.727272727272727071e-01
8.571428571428572063e-01
6.896551724137931494e-01
8.437500000000000000e-01
8.730158730158730229e-01
7.903225806451612545e-01
7.199999999999999734e-01
8.000000000000000444e-01
8.181818181818181213e-01
6.956521739130434590e-01
7.368421052631579649e-01
7.719298245614034659e-01
7.500000000000000000e-01
8.472222222222222099e-01
8.181818181818181213e-01
9.166666666666666297e-01
7.833333333333333259e-01
8.461538461538461453e-01
7.608695652173913526e-01
8.235294117647058432e-01
8.750000000000000000e-01
8.000000000000000444e-01
9.193548387096773800e-01
7.894736842105263275e-01
7.903225806451612545e-01
7.777777777777777901e-01
8.088235294117647189e-01
4.137931034482759118e-01
6.981132075471698784e-01
7.450980392156862919e-01
8.208955223880597396e-01
8.507462686567164312e-01
8.805970149253731227e-01
7.704918032786884918e-01
5.957446808510638014e-01
8.596491228070175517e-01
8.200000000000000622e-01
8.472222222222222099e-01
7.678571428571427937e-01
8.873239436619718701e-01
7.796610169491525744e-01
8.333333333333333703e-01
7.407407407407406996e-01
8.529411764705882026e-01
8.961038961038960693e-01
6.909090909090909172e-01
8.529411764705882026e-01
5.882352941176470784e-01
9.499999999999999556e-01
8.450704225352112520e-01
8.333333333333333703e-01
8.800000000000000044e-01
7.924528301886792914e-01
8.275862068965517127e-01
8.113207547169811740e-01
9.041095890410959512e-01
8.412698412698412787e-01
7.192982456140351033e-01
6.938775510204081565e-01
7.619047619047618625e-01
7.049180327868852514e-01
8.281250000000000000e-01
8.421052631578946901e-01
8.904109589041095951e-01
8.484848484848485084e-01
8.032786885245901676e-01
